0
0
0
0
0
0
0
0
0
0
0
0
0
0
0
0
0
0
0
0
0
0
0
1
1
1
1
1
1
1
1
1
1
1
1
1
1
1
1
1
2
2
2
2
2
2
2
2
2
2
2
3
3
3
3
3
3
3
3
3
4
4
4
4
4
4
4
4
5
5
5
5
5
5
5
5
6
6
6
6
6
6
7
7
7
7
7
7
8
8
8
8
8
8
9
9
9
9
9
10
10
10
10
10
11
11
11
11
11
12
12
12
12
12
13
13
13
13
14
14
14
14
15
15
15
15
16
16
16
17
18
19
20
21
23
24
25
26
28
29
30
32
33
35
36
38
39
41
42
44
46
47
49
51
53
54
56
58
60
62
64
66
68
70
72
74
77
79
81
83
86
88
90
93
95
97
100
102
105
108
110
113
116
118
121
124
127
129
132
135
138
141
144
147
150
153
156
159
163
166
169
172
176
179
182
186
189
192
196
199
203
207
210
214
218
221
225
229
233
236
240
244
248
252
256
260
264
268
272
276
280
285
289
293
297
302
306
311
315
319
324
328
333
338
342
347
351
356
361
366
370
375
380
385
390
395
400
405
410
415
420
425
430
436
441
446
451
457
462
468
473
478
484
489
495
501
506
512
517
523
529
535
540
546
552
558
564
570
576
582
588
594
600
606
612
619
625
631
637
644
650
656
663
669
676
682
689
695
702
709
715
722
729
736
742
749
756
763
770
777
784
791
798
805
812
819
826
834
841
848
855
863
870
877
885
892
900
907
915
922
930
938
945
953
961
969
976
984
992
1000
1008
1016
1024
1032
1040
1048
1056
1064
1072
1081
1089
1097
1105
1114
1122
1130
1139
1147
1156
1164
1173
1181
1190
1199
1207
1216
1225
1233
1242
1251
1260
1269
1278
1287
1296
1305
1314
1323
1332
1341
1350
1359
1369
1378
1387
1397
1406
1415
1425
1434
1444
1453
1463
1472
1482
1492
1501
1511
1521
1530
1540
1550
1560
1570
1580
1590
1600
1610
1620
1630
1640
1650
1660
1670
1681
1691
1701
1711
1722
1732
1743
1753
1764
1774
1785
1795
1806
1816
1827
1838
1849
1859
1870
1881
1892
1903
1914
1925
1936
1947
1958
1969
1980
1991
2002
2013
2025
2036
2047
2058
2070
2081
2093
2104
2115
2127
2139
2150
2162
2173
2185
2197
2208
2220
2232
2244
2256
2268
2280
2291
2303
2315
2327
2340
2352
2364
2376
2388
2400
2413
2425
2437
2450
2462
2474
2487
2499
2512
2524
2537
2550
2562
2575
2588
2600
2613
2626
2639
2652
2664
2677
2690
2703
2716
2729
2742
2756
2769
2782
2795
2808
2822
2835
2848
2862
2875
2888
2902
2915
2929
2942
2956
2970
2983
2997
3011
3024
3038
3052
3066
3079
3093
3107
3121
3135
3149
3163
3177
3191
3206
3220
3234
3248
3262
3277
3291
3305
3320
3334
3349
3363
3378
3392
3407
3421
3436
3451
3465
3480
3495
3510
3525
3539
3554
3569
3584
3599
3614
3629
3644
3659
3674
3690
3705
3720
3735
3751
3766
3781
3797
3812
3828
3843
3859
3874
3890
3905
3921
3937
3952
3968
3984
4000
4015
4031
4047
4063
4079
4095
4095
4095
4095
4095
4095
4095
4095
4095
4095
4095
4095
4095
4095
4095
4095
4095
4095
4095
4095
4095
4095
4095
4095
4095
4095
4095
4095
4095
4095
4095