0
0
0
0
0
0
0
0
0
60
84
102
117
131
143
154
164
174
183
191
199
207
215
222
229
236
242
248
255
261
267
272
278
284
289
294
299
304
309
314
319
324
329
333
338
342
347
351
355
360
364
368
372
376
380
384
388
392
395
399
403
407
410
414
418
425
432
439
445
452
459
465
471
478
484
490
496
502
508
513
519
525
530
536
541
547
552
557
563
568
573
578
583
588
593
598
603
613
622
631
641
649
658
667
676
684
692
701
709
717
725
733
740
748
756
763
770
778
785
792
799
806
813
820
827
834
841
848
854
861
867
874
880
886
893
899
905
911
918
924
930
936
942
948
954
959
965
971
977
982
988
994
999
1005
1010
1016
1021
1027
1032
1037
1043
1048
1053
1059
1064
1069
1074
1079
1084
1089
1095
1100
1105
1110
1115
1119
1124
1129
1134
1139
1144
1149
1153
1158
1163
1168
1172
1177
1182
1186
1191
1195
1202
1220
1238
1255
1273
1290
1306
1323
1339
1355
1371
1387
1403
1418
1433
1448
1463
1478
1492
1506
1521
1535
1549
1563
1576
1590
1603
1616
1630
1643
1656
1669
1683
1708
1733
1757
1781
1805
1828
1851
1874
1896
1918
1940
1962
1983
2004
2025
2046
2066
2086
2106
2126
2146
2165
2184
2203
2222
2241
2259
2278
2296
2314
2332
2352
2387
2421
2455
2489
2522
2554
2586
2618
2649
2680
2710
2740
2770
2800
2829
2857
2886
2914
2942
2969
2997
3024
3050
3077
3103
3129
3155
3181
3206
3231
3256
3284
3332
3380
3428
3474
3520
3566
3610
3654
3698
3741
3783
3825
3867
3908
3948
3988
4028
4067
4106
4144
4182
4220
4257
4294
4331
4367
4403
4439
4474
4509
4544
4582
4650
4717
4783
4848
4912
4975
5038
5099
5160
5220
5279
5337
5395
5452
5509
5564
5620
5674
5728
5782
5835
5887
5939
5991
6042
6093
6143
6192
6242
6290
6339
6393
6488
6581
6673
6764
6853
6941
7028
7113
7198
7282
7364
7446
7526
7606
7684
7762
7839
7916
7991
8066
8140
8213
8285
8357
8428
8499
8569
8638
8707
8775
8842
8934
9196
9450
9697
9937
10171
10400
10623
10841
11054
11264
11469
11670
11867
12061
12251
12462
12827
13182
13526
13861
14187
14506
14817
15121
15419
15711
15996
16277
16552
16823
17088
17350
17607
17860
18109
18355
18597
18836
19072
19304
19534
19760
19984
20205
20424
20640
20853
21091
21506
21913
22311
22702
23086
23464
23834
24199
24558
24911
25258
25601
25939
26272
26600
26925
27245
27561
27873
28181
28486
28787
29085
29416
29996
30563
31119
31664
32200
32726
33243
33751
34252
34744
35229
35707
36178
36643
37101
37553
38000
38440
38876
39306
39731
40151
40567
41029
41836
42628
43403
44164
44911
45645
46366
47075
47773
48460
49136
49803
50460
51108
51747
52377
53000
53615
54222
54822
55415
56001
56580
57225
58351
59455
60537
61598
62639
63663
64668
65535
65535
65535
65535
65535
65535
65535
65535
65535
65535
65535
65535
65535
65535
65535
65535
65535
65535
65535
65535
65535
65535
65535
65535
65535
65535
65535
65535
65535
65535
65535
65535
65535
65535
65535
65535
65535
65535
65535
65535
65535
65535
65535
65535
65535
65535
65535
65535
65535
65535
65535
65535
65535
65535
65535
65535
65535
65535
65535
65535
65535
65535
65535
65535
65535
65535
65535
65535
65535
65535
65535
65535
65535
65535
65535
65535
65535
65535
65535
65535
65535
65535
65535
65535
65535
65535
65535
65535
65535
65535
65535
65535
65535
65535
65535
65535
65535
65535
65535
65535
65535
65535
65535
65535
65535
65535
65535
65535
65535
65535
65535
65535
65535
65535
65535
65535
65535
65535
65535
65535
65535
65535
65535
65535
65535
65535
65535