0103 01 00
0107 01 00
4d5a 1c 00
4d09 ff 00
4d09 df 00
3208 04 00
4620 04 00
3208 14 00
3208 05 00
4620 04 00
3208 15 00
3208 02 00
3507 00 00
3208 12 00
3208 a2 00
0301 c8 00
0303 03 00
0304 01 00
0305 80 00
0306 04 00
0307 02 00
0308 13 00
0316 00 00
0318 00 00
0320 02 00
0321 31 00
0323 05 00
0324 03 00
0325 00 00
0400 e0 00
0401 80 00
0403 de 00
0404 34 00
0405 38 00
0406 20 00
0407 08 00
0408 e0 00
0409 64 00
040a de 00
040b 34 00
040c 8c 00
040d 3f 00
040e 08 00
2803 fe 00
280b 00 00
280c 79 00
3002 fc 00
3012 41 00
3022 88 00
3703 34 00
3705 00 00
3706 33 00
3707 0f 00
370a 00 00
370b 6d 00
3712 13 00
3717 07 00
3719 3c 00
372c 40 00
372d 37 00
3730 23 00
3733 01 00
3738 48 00
3739 48 00
373a 3d 00
373b 35 00
373f 21 00
3740 21 00
3741 21 00
3742 21 00
3750 4f 00
3755 1e 00
3756 0f 00
3757 20 00
3759 28 00
375a 00 00
375b 53 00
376c 07 00
3778 20 00
377c c8 00
3781 02 00
3782 08 00
3783 02 00
3784 0a 00
3785 0e 00
379c 58 00
379e 00 00
379f 00 00
37a0 00 00
37bc 22 00
37c0 01 00
37c4 4d 00
37c5 4c 00
37c6 40 00
37c7 3e 00
37c8 02 00
37c9 16 00
37d0 00 00
37d1 28 00
37d2 00 00
37d3 55 00
37d5 27 00
37d6 00 00
37d7 52 00
3c03 01 00
3c04 01 00
3c06 21 00
3c08 01 00
3c09 01 00
3c0a 01 00
3c0b 21 00
3c12 c0 00
3c13 21 00
3c14 81 00
3c16 13 00
3c21 00 00
3c22 f3 00
3c37 12 00
3c38 36 00
3c3d 03 00
3c4c 20 00
3c4d 24 00
3c57 21 00
3c5f 04 00
3c62 0a 00
3c71 34 00
3c72 34 00
3c73 34 00
3c74 03 00
3c76 12 00
3106 10 00
3215 cd 00
3219 08 00
3304 04 00
3306 03 00
3307 00 00
3308 00 00
3309 00 00
330a 00 00
330b 00 00
330c 00 00
330d 00 00
330e 00 00
330f 00 00
3310 06 00
3311 05 00
3312 55 00
3313 02 00
3314 aa 00
3315 07 00
3316 f0 00
3317 00 00
3318 00 00
3400 08 00
3502 08 00
3506 30 00
3586 50 00
3589 00 00
3541 00 00
3542 04 00
3546 20 00
3548 04 00
3549 40 00
35c1 00 00
35c2 02 00
35c6 a0 00
3604 91 00
3605 1e 00
3607 06 00
3609 f0 00
360a 01 00
360f 00 00
3610 70 00
3611 3a 00
3612 28 00
361a 31 00
361b 6c 00
361c 0b 00
361d 00 00
361e fa 00
361f cb 00
362b 44 00
3639 06 00
363a 0a 00
363b 14 00
363c 26 00
363f 00 00
3640 30 00
3641 20 00
3642 30 00
3643 02 00
3644 0f 00
3645 8c 00
3646 cf 00
3648 0c 00
3649 06 00
364a 04 00
364b 02 00
364c 18 00
364d 13 00
364f 10 00
3653 1f 00
3654 02 00
3655 1f 00
3656 1f 00
3657 0e 00
3658 0a 00
3659 15 00
365a 19 00
365b 10 00
365c 16 00
365d 0b 00
365e 0c 00
365f 01 00
3660 39 00
3661 bf 00
3662 0b 00
3664 00 00
3667 03 00
3668 0c 00
3669 0d 00
3674 08 00
3677 3a 00
3678 3a 00
3800 00 00
3801 00 00
3802 00 00
3803 04 00
3806 06 00
3807 0b 00
3808 07 00
3809 80 00
380a 06 00
380b 00 00
380c 04 00
380d 01 00
380e 03 00
380f 30 00
3810 00 00
3811 08 00
3812 00 00
3813 04 00
381c 18 00
3820 20 00
3821 19 00
3832 10 00
3834 f0 00
383c 48 00
383d 00 00
384c 01 00
384d f4 00
3850 00 00
3851 42 00
3852 00 00
3853 40 00
3858 04 00
388c 01 00
388d f4 00
3b40 05 00
3b41 20 00
3b42 00 00
3b43 90 00
3b44 02 00
3b45 00 00
3b46 02 00
3b47 00 00
3b48 19 00
3b49 12 00
3b4a 16 00
3b4b 2e 00
3b4c 03 00
3b4d 00 00
3b8a 06 00
3b8b 00 00
3b8c 07 00
3b8d 80 00
3b92 06 00
3b93 00 00
3b94 07 00
3b95 80 00
3b9e 09 00
3d82 80 00
3d85 05 00
3d8a 03 00
3d8b ff 00
3d99 00 00
3d9a 9f 00
3d9b 00 00
3d9c a0 00
3da4 00 00
3da7 50 00
421e 02 00
421f 55 00
4220 e1 00
4221 01 00
4307 03 00
4308 13 00
430a 13 00
430d 93 00
430f 57 00
4310 95 00
4311 16 00
4316 00 00
4317 38 00
4319 03 00
431a 00 00
431b 00 00
431d 2a 00
431e 11 00
431f 20 00
4320 19 00
4323 80 00
4324 00 00
4503 4e 00
4504 1a 00
4505 00 00
4507 02 00
4508 04 00
4509 00 00
450a 00 00
4580 f8 00
4583 07 00
4584 6a 00
4585 08 00
4586 05 00
4587 04 00
4588 73 00
4589 05 00
458a 1f 00
458b 02 00
458c dc 00
458d 03 00
458e 02 00
4597 07 00
4598 40 00
4599 0e 00
459a 0e 00
459b f5 00
459c f1 00
4602 00 00
4603 13 00
4604 00 00
4609 0a 00
460a 30 00
4610 00 00
4611 40 00
4612 01 00
4613 00 00
4614 00 00
4615 40 00
4616 01 00
4617 00 00
4627 e9 00
4628 2a 00
4629 03 00
462a 44 00
4800 04 00
4808 18 00
480a 22 00
4813 e4 00
4837 1a 00
484b 47 00
484f 00 00
4850 42 00
4853 8a 00
4855 1c 00
4887 51 00
4d15 7d 00
4d30 0a 00
4d31 00 00
4d34 7d 00
4d3c 7d 00
4d5a 1c 00
4f00 7f 00
4f01 ff 00
4f02 ff 00
4f03 2c 00
4f04 e0 00
6a08 cf 00
6a09 01 00
6a0a 40 00
6a24 00 00
6a25 00 00
5001 75 00
5002 7f 00
5003 3e 00
5004 3e 00
5005 1e 00
5006 1e 00
5007 1e 00
500c 00 00
502c 00 00
502e 00 00
502f 00 00
504b 00 00
5053 00 00
505b 00 00
5063 00 00
5070 00 00
5074 04 00
507a 28 00
507b 40 00
5204 00 00
5404 00 00
5314 70 00
5315 a6 00
5316 73 00
5317 ff 00
5b80 c0 00
5b93 80 00
5b96 80 00
5b97 80 00
5b98 60 00
5b99 40 00
5b9a 00 00
5b9b 00 00
5b9c 80 00
5b9d 60 00
5b9e 40 00
5b9f 00 00
5ba0 00 00
5ba1 00 00
5ba2 20 00
5ba3 10 00
5ba4 00 00
5ba5 00 00
5ba6 00 00
5ba7 00 00
5bbe 0a 00
5c00 c0 00
5c13 80 00
5c16 80 00
5c17 80 00
5c18 60 00
5c19 40 00
5c1a 00 00
5c1b 00 00
5c1c 80 00
5c1d 60 00
5c1e 40 00
5c1f 00 00
5c20 00 00
5c21 00 00
5c22 20 00
5c23 10 00
5c24 00 00
5c25 00 00
5c26 00 00
5c27 00 00
5c3e 0a 00
5c80 c0 00
5c93 80 00
5c96 80 00
5c97 80 00
5c98 60 00
5c99 40 00
5c9a 00 00
5c9b 00 00
5c9c 80 00
5c9d 60 00
5c9e 40 00
5c9f 00 00
5ca0 00 00
5ca1 00 00
5ca2 20 00
5ca3 10 00
5ca4 00 00
5ca5 00 00
5ca6 00 00
5ca7 00 00
5cbe 0a 00
6006 00 00
6007 04 00
6008 06 00
6009 01 00
600a 00 00
600b 08 00
600c 07 00
600d 87 00
6016 00 00
6026 00 00
6027 04 00
6028 06 00
6029 01 00
602a 00 00
602b 08 00
602c 07 00
602d 87 00
6046 00 00
6047 04 00
6048 06 00
6049 01 00
604a 00 00
604b 08 00
604c 07 00
604d 87 00
6066 00 00
6067 04 00
6068 06 00
6069 01 00
606a 00 00
606b 08 00
606c 07 00
606d 87 00
6086 00 00
6087 04 00
6088 06 00
6089 01 00
608a 00 00
608b 08 00
608c 07 00
608d 87 00
5e00 00 00
5e01 09 00
5e02 09 00
5e03 0a 00
5e04 0a 00
5e05 0a 00
5e06 0b 00
5e07 0b 00
5e08 0c 00
5e09 0c 00
5e0a 0d 00
5e0b 0d 00
5e0c 0e 00
5e0d 0e 00
5e0e 0f 00
5e0f 0f 00
5e10 10 00
5e11 10 00
5e12 11 00
5e13 11 00
5e14 12 00
5e15 12 00
5e16 12 00
5e17 12 00
5e18 13 00
5e19 13 00
5e1a 13 00
5e1b 14 00
5e1c 14 00
5e1d 14 00
5e1e 15 00
5e1f 15 00
5e20 15 00
5e21 16 00
5e22 00 00
5e23 02 00
5e26 00 00
5e27 ff 00
5e29 01 00
5e2a 00 00
5e2c 01 00
5e2d 00 00
5e2f 01 00
5e30 00 00
5e32 00 00
5e33 80 00
5e34 00 00
5e35 00 00
5e36 80 00
5e37 00 00
5e38 00 00
5e39 80 00
5e3a 00 00
5e3b 00 00
5e3c 80 00
5e3d 00 00
5e3e 00 00
5e3f 80 00
5e40 00 00
5e41 00 00
5e42 80 00
5e43 00 00
5e44 00 00
5e45 80 00
5e46 00 00
5e47 00 00
5e48 80 00
5e49 00 00
5e4a 00 00
5e4b 80 00
5e4c 00 00
5e4d 00 00
5e4e 80 00
5e50 00 00
5e51 80 00
5e53 00 00
5e54 80 00
5e56 00 00
5e57 40 00
5e59 00 00
5e5a 40 00
5e5c 00 00
5e5d 40 00
5e5f 00 00
5e60 40 00
5e62 00 00
5e63 40 00
5e65 00 00
5e66 40 00
5e68 00 00
5e69 40 00
5e6b 00 00
5e6c 40 00
5e6e 00 00
5e6f 40 00
5e71 00 00
5e72 40 00
5e74 00 00
5e75 40 00
5e77 00 00
5e78 40 00
5e7a 00 00
5e7b 40 00
5e7d 00 00
5e7e 40 00
5e80 00 00
5e81 40 00
5e83 00 00
5e84 40 00
5f00 02 00
5f01 08 00
5f02 09 00
5f03 0a 00
5f04 0b 00
5f05 0c 00
5f06 0c 00
5f07 0c 00
5f08 0c 00
5f09 0c 00
5f0a 0d 00
5f0b 0d 00
5f0c 0d 00
5f0d 0d 00
5f0e 0d 00
5f0f 0e 00
5f10 0e 00
5f11 0e 00
5f12 0e 00
5f13 0f 00
5f14 0f 00
5f15 10 00
5f16 11 00
5f17 11 00
5f18 12 00
5f19 12 00
5f1a 13 00
5f1b 13 00
5f1c 14 00
5f1d 14 00
5f1e 16 00
5f1f 16 00
5f20 16 00
5f21 08 00
5f22 00 00
5f23 01 00
5f26 02 00
5f27 00 00
5f29 02 00
5f2a 00 00
5f2c 02 00
5f2d 00 00
5f2f 02 00
5f30 00 00
5f32 02 00
5f33 00 00
5f34 00 00
5f35 02 00
5f36 00 00
5f37 00 00
5f38 02 00
5f39 00 00
5f3a 00 00
5f3b 02 00
5f3c 00 00
5f3d 00 00
5f3e 02 00
5f3f 00 00
5f40 00 00
5f41 02 00
5f42 00 00
5f43 00 00
5f44 02 00
5f45 00 00
5f46 00 00
5f47 04 00
5f48 00 00
5f49 00 00
5f4a 04 00
5f4b 00 00
5f4c 00 00
5f4d 04 00
5f4e 00 00
5f50 04 00
5f51 00 00
5f53 04 00
5f54 00 00
5f56 04 00
5f57 00 00
5f59 04 00
5f5a 00 00
5f5c 04 00
5f5d 00 00
5f5f 08 00
5f60 00 00
5f62 08 00
5f63 00 00
5f65 08 00
5f66 00 00
5f68 08 00
5f69 00 00
5f6b 08 00
5f6c 00 00
5f6e 10 00
5f6f 00 00
5f71 10 00
5f72 00 00
5f74 10 00
5f75 00 00
5f77 10 00
5f78 00 00
5f7a 20 00
5f7b 00 00
5f7d 20 00
5f7e 00 00
5f80 20 00
5f81 00 00
5f83 00 00
5f84 ff 00
5240 0f 00
5241 00 00
5242 00 00
5243 00 00
5244 00 00
5245 00 00
5246 00 00
5247 00 00
5248 00 00
5249 00 00
5440 0f 00
5441 00 00
5442 00 00
5443 00 00
5444 00 00
5445 00 00
5446 00 00
5447 00 00
5448 00 00
5449 00 00
5640 0f 00
5641 00 00
5642 00 00
5643 00 00
5644 00 00
5645 00 00
5646 00 00
5647 00 00
5648 00 00
5649 00 00
5840 0f 00
5841 00 00
5842 00 00
5843 00 00
5844 00 00
5845 00 00
5846 00 00
5847 00 00
5848 00 00
5849 00 00
4001 2b 00
4008 01 00
4009 03 00
400e 01 00
400f ff 00
4018 12 00
4022 40 00
4023 20 00
4026 00 00
4027 40 00
4028 00 00
4029 40 00
402a 00 00
402b 40 00
402c 00 00
402d 40 00
407e cc 00
407f 18 00
4082 00 00
4083 c8 00
4084 00 00
4085 98 00
4086 00 00
4087 98 00
4640 40 00
4641 11 00
4642 0e 00
4643 ee 00
4646 0f 00
4648 00 00
4649 03 00
4702 00 00
5d0d 08 00
5d0e 08 00
5d0f 08 00
5d11 10 00
5d12 10 00
5d13 0f 00
5d15 04 00
5d16 04 00
5d17 02 00
5d1f 81 00
6120 75 00
6121 75 00
6122 75 00
6123 75 00
6124 75 00
6125 75 00
6126 75 00
6127 75 00
6128 75 00
6129 75 00
612a 75 00
612b 75 00
612c 75 00
612d 75 00
612e 75 00
612f 75 00
6130 75 00
6131 75 00
6132 75 00
6133 75 00
6134 75 00
6135 75 00
6136 75 00
6137 75 00
6138 75 00
6139 75 00
613a 75 00
613b 75 00
613c 75 00
613d 75 00
613e 75 00
613f 75 00
6140 75 00
6141 75 00
6142 75 00
6143 75 00
4d09 ff 00
4d09 df 00
5019 00 00
501a ff 00
501b ff 00
501d 00 00
501e 23 00
501f 8e 00
5021 00 00
5022 00 00
5023 99 00
5025 00 00
5026 23 00
5027 8e 00
5003 3a 00
5b80 08 00
5c00 08 00
5c80 00 00
5bbe 12 00
5c3e 12 00
5cbe 12 00
5b8a 80 00
5b8b 80 00
5b8c 80 00
5b8d 80 00
5b8e 60 00
5b8f 80 00
5b90 80 00
5b91 80 00
5b92 80 00
5b93 20 00
5b94 80 00
5b95 80 00
5b96 80 00
5b97 20 00
5b98 00 00
5b99 80 00
5b9a 40 00
5b9b 20 00
5b9c 00 00
5b9d 00 00
5b9e 80 00
5b9f 00 00
5ba0 00 00
5ba1 00 00
5ba2 00 00
5ba3 00 00
5ba4 00 00
5ba5 00 00
5ba6 00 00
5ba7 00 00
5ba8 02 00
5ba9 00 00
5baa 02 00
5bab 76 00
5bac 03 00
5bad 08 00
5bae 00 00
5baf 80 00
5bb0 00 00
5bb1 c0 00
5bb2 01 00
5bb3 00 00
5c0a 80 00
5c0b 80 00
5c0c 80 00
5c0d 80 00
5c0e 60 00
5c0f 80 00
5c10 80 00
5c11 80 00
5c12 60 00
5c13 20 00
5c14 80 00
5c15 80 00
5c16 80 00
5c17 20 00
5c18 00 00
5c19 80 00
5c1a 40 00
5c1b 20 00
5c1c 00 00
5c1d 00 00
5c1e 80 00
5c1f 00 00
5c20 00 00
5c21 00 00
5c22 00 00
5c23 00 00
5c24 00 00
5c25 00 00
5c26 00 00
5c27 00 00
5c28 02 00
5c29 00 00
5c2a 02 00
5c2b 76 00
5c2c 03 00
5c2d 08 00
5c2e 00 00
5c2f 80 00
5c30 00 00
5c31 c0 00
5c32 01 00
5c33 00 00
5c8a 80 00
5c8b 80 00
5c8c 80 00
5c8d 80 00
5c8e 80 00
5c8f 80 00
5c90 80 00
5c91 80 00
5c92 80 00
5c93 60 00
5c94 80 00
5c95 80 00
5c96 80 00
5c97 60 00
5c98 40 00
5c99 80 00
5c9a 80 00
5c9b 80 00
5c9c 40 00
5c9d 20 00
5c9e 80 00
5c9f 80 00
5ca0 80 00
5ca1 20 00
5ca2 00 00
5ca3 80 00
5ca4 80 00
5ca5 80 00
5ca6 00 00
5ca7 00 00
5ca8 01 00
5ca9 00 00
5caa 02 00
5cab 00 00
5cac 03 00
5cad 08 00
5cae 01 00
5caf 00 00
5cb0 02 00
5cb1 00 00
5cb2 03 00
5cb3 08 00
5be7 80 00
5bc9 80 00
5bca 80 00
5bcb 80 00
5bcc 80 00
5bcd 80 00
5bce 80 00
5bcf 80 00
5bd0 80 00
5bd1 80 00
5bd2 20 00
5bd3 80 00
5bd4 40 00
5bd5 20 00
5bd6 00 00
5bd7 00 00
5bd8 00 00
5bd9 00 00
5bda 00 00
5bdb 00 00
5bdc 00 00
5bdd 00 00
5bde 00 00
5bdf 00 00
5be0 00 00
5be1 00 00
5be2 00 00
5be3 00 00
5be4 00 00
5be5 00 00
5be6 00 00
5c49 80 00
5c4a 80 00
5c4b 80 00
5c4c 80 00
5c4d 40 00
5c4e 80 00
5c4f 80 00
5c50 80 00
5c51 60 00
5c52 20 00
5c53 80 00
5c54 80 00
5c55 80 00
5c56 20 00
5c57 00 00
5c58 80 00
5c59 40 00
5c5a 20 00
5c5b 00 00
5c5c 00 00
5c5d 80 00
5c5e 00 00
5c5f 00 00
5c60 00 00
5c61 00 00
5c62 00 00
5c63 00 00
5c64 00 00
5c65 00 00
5c66 00 00
5cc9 80 00
5cca 80 00
5ccb 80 00
5ccc 80 00
5ccd 80 00
5cce 80 00
5ccf 80 00
5cd0 80 00
5cd1 80 00
5cd2 60 00
5cd3 80 00
5cd4 80 00
5cd5 80 00
5cd6 60 00
5cd7 40 00
5cd8 80 00
5cd9 80 00
5cda 80 00
5cdb 40 00
5cdc 20 00
5cdd 80 00
5cde 80 00
5cdf 80 00
5ce0 20 00
5ce1 00 00
5ce2 80 00
5ce3 80 00
5ce4 80 00
5ce5 00 00
5ce6 00 00
5b84 02 00
5b85 cc 00
5bb4 05 00
5bb5 c6 00
5c04 02 00
5c05 cc 00
5c34 05 00
5c35 33 00
5c84 02 00
5c85 cc 00
5cb4 05 00
5cb5 33 00
5bbf 00 00
5bc0 04 00
5bc1 06 00
5bc2 ff 00
5bc3 00 00
5bc4 04 00
5bc5 02 00
5bc6 b8 00
5c3f 00 00
5c40 04 00
5c41 07 00
5c42 ff 00
5c43 00 00
5c44 04 00
5c45 03 00
5c46 b8 00
5cbf 00 00
5cc0 20 00
5cc1 07 00
5cc2 ff 00
5cc3 00 00
5cc4 20 00
5cc5 03 00
5cc6 00 00
5b86 05 00
5c06 05 00
5c86 05 00
5bb8 01 00
5bb9 01 00
5c38 01 00
5c39 01 00
5cb8 01 00
5cb9 01 00
5bc7 00 00
5bc8 80 00
5c47 00 00
5c48 80 00
5cc7 00 00
5cc8 80 00
5bba 01 00
5bbb 00 00
5c3a 01 00
5c3b 00 00
5cba 01 00
5cbb 00 00
5d74 01 00
5d75 00 00
5d1f 81 00
5d11 00 00
5d12 10 00
5d13 10 00
5d15 05 00
5d16 05 00
5d17 05 00
5d08 03 00
5d09 6b 00
5d0a 03 00
5d0b 6b 00
5d18 03 00
5d19 6b 00
5b40 01 00
5b41 00 00
5b42 00 00
5b43 00 00
5b44 00 00
5b45 00 00
5b46 00 00
5b47 00 00
5b48 01 00
5b49 00 00
5b4a 00 00
5b4b 00 00
5b4c 00 00
5b4d 00 00
5b4e 00 00
5b4f 00 00
5b50 01 00
5b51 00 00
5b52 01 00
5b53 00 00
5b54 00 00
5b55 00 00
5b56 00 00
5b57 00 00
5b58 00 00
5b59 00 00
5b5a 01 00
5b5b 00 00
5b5c 00 00
5b5d 00 00
5b5e 00 00
5b5f 00 00
5b60 00 00
5b61 00 00
5b62 01 00
5b63 00 00
5b64 01 00
5b65 00 00
5b66 00 00
5b67 00 00
5b68 00 00
5b69 00 00
5b6a 00 00
5b6b 00 00
5b6c 01 00
5b6d 00 00
5b6e 00 00
5b6f 00 00
5b70 00 00
5b71 00 00
5b72 00 00
5b73 00 00
5b74 01 00
5b75 00 00
5b78 00 00
5b79 56 00
5b7a 00 00
5b7b c3 00
5b7c 01 00
5b7d 3f 00
5b7e 01 00
5280 04 00
5281 00 00
5282 04 00
5283 00 00
5284 04 00
5285 00 00
5286 04 00
5287 00 00
5480 04 00
5481 00 00
5482 04 00
5483 00 00
5484 04 00
5485 00 00
5486 04 00
5487 00 00
5680 04 00
5681 00 00
5682 04 00
5683 00 00
5684 04 00
5685 00 00
5686 04 00
5687 00 00
5880 04 00
5881 00 00
5882 04 00
5883 00 00
5884 04 00
5885 00 00
5886 04 00
5887 00 00
52c6 00 00
52c7 12 00
52c8 04 00
52c9 02 00
52ca 01 00
52cb 01 00
52cc 04 00
52cd 02 00
52ce 01 00
52cf 01 00
52d0 03 00
52d1 08 00
52d2 0c 00
54c6 00 00
54c7 12 00
54c8 04 00
54c9 02 00
54ca 01 00
54cb 01 00
54cc 04 00
54cd 02 00
54ce 01 00
54cf 01 00
54d0 03 00
54d1 08 00
54d2 0c 00
56c6 00 00
56c7 12 00
56c8 04 00
56c9 02 00
56ca 01 00
56cb 01 00
56cc 04 00
56cd 02 00
56ce 01 00
56cf 01 00
56d0 03 00
56d1 08 00
56d2 0c 00
58c6 00 00
58c7 12 00
58c8 04 00
58c9 02 00
58ca 01 00
58cb 01 00
58cc 04 00
58cd 02 00
58ce 01 00
58cf 01 00
58d0 03 00
58d1 08 00
58d2 0c 00
5004 1e 00
610a 07 00
610b 80 00
610c 06 00
610d 00 00
6102 3f 00
6120 75 00
6121 75 00
6122 75 00
6123 75 00
6124 75 00
6125 75 00
6126 75 00
6127 75 00
6128 75 00
6129 75 00
612a 75 00
612b 75 00
612c 75 00
612d 75 00
612e 75 00
612f 75 00
6130 75 00
6131 75 00
6132 75 00
6133 75 00
6134 75 00
6135 75 00
6136 75 00
6137 75 00
6138 75 00
6139 75 00
613a 75 00
613b 75 00
613c 75 00
613d 75 00
613e 75 00
613f 75 00
6140 75 00
6141 75 00
6142 75 00
6143 75 00
6144 75 00
6145 75 00
6146 75 00
6147 75 00
6148 75 00
6149 75 00
614a 75 00
614b 75 00
614c 75 00
614d 75 00
614e 75 00
614f 75 00
6150 75 00
6151 75 00
6152 75 00
6153 75 00
6154 75 00
6155 75 00
6156 75 00
6157 75 00
6158 75 00
6159 75 00
615a 75 00
615b 75 00
615c 75 00
615d 75 00
615e 75 00
615f 75 00
6160 75 00
6161 75 00
6162 75 00
6163 75 00
6164 75 00
6165 75 00
6166 75 00
6167 75 00
6168 75 00
6169 75 00
616a 75 00
616b 75 00
616c 75 00
616d 75 00
616e 75 00
616f 75 00
6170 75 00
6171 75 00
6172 75 00
6173 75 00
6174 75 00
6175 75 00
6176 75 00
6177 75 00
6178 75 00
6179 75 00
617a 75 00
617b 75 00
617c 75 00
617d 75 00
617e 75 00
617f 75 00
6180 75 00
6181 75 00
6182 75 00
6183 75 00
6184 75 00
6185 75 00
6186 75 00
6187 75 00
6188 75 00
6189 75 00
618a 75 00
618b 75 00
618c 75 00
618d 75 00
618e 75 00
618f 75 00
6190 75 00
6191 75 00
6192 75 00
6193 75 00
6194 75 00
6195 75 00
6196 75 00
6197 75 00
6198 75 00
6199 75 00
619a 75 00
619b 75 00
619c 75 00
619d 75 00
619e 75 00
619f 75 00
61a0 75 00
61a1 75 00
61a2 75 00
61a3 75 00
61a4 75 00
61a5 75 00
61a6 75 00
61a7 75 00
61a8 75 00
61a9 75 00
61aa 75 00
61ab 75 00
61ac 75 00
61ad 75 00
61ae 75 00
61af 75 00
5d62 07 00
5d40 02 00
5d41 01 00
5d63 08 00
5d64 01 00
5d65 ff 00
5d56 00 00
5d57 20 00
5d58 00 00
5d59 00 00
5d5a 00 00
5d5b 0c 00
5d5c 02 00
5d5d 40 00
5d5e 02 00
5d5f 40 00
5d60 03 00
5d61 40 00
5d4a 02 00
5d4b 40 00
5d4c 02 00
5d4d 40 00
5d4e 02 00
5d4f 40 00
5d50 18 00
5d51 80 00
5d52 18 00
5d53 80 00
5d54 18 00
5d55 80 00
5d46 20 00
5d47 00 00
5d48 22 00
5d49 00 00
5d42 20 00
5d43 00 00
5d44 22 00
5d45 00 00
4221 03 00
380e 06 00
380f 6e 00
3501 02 00
3502 20 00
3541 02 00
3542 20 00
35c2 01 00
4f00 00 00
4f01 00 00
4f02 00 00
4f03 2c 00
4f04 f8 00
