     301A 0059 0100
     301A 0058 0100
     301A 0058 0001
     2512 8000 0001
     2510 FFFF 0001
     2510 FFFF 0001
     2510 FFFF 0001
     2510 FFFF 0001
     2510 FFFF 0001
     2510 FFFF 0001
     2510 FFFF 0001
     2510 FFFF 0001
     2510 FF07 0001
     2510 FFFF 0001
     2510 FFFF 0001
     2510 FFFF 0001
     2510 FFFF 0001
     2510 FFFF 0001
     2510 FFFF 0001
     2510 FFFF 0001
     2510 FFFF 0001
     2510 FFFF 0001
     2510 FFFF 0001
     2510 FFFF 0001
     2510 FFFF 0001
     2510 FFFF 0001
     2510 FFFF 0001
     2510 FFFF 0001
     2510 FFFF 0001
     2510 FFFF 0001
     2510 FFFF 0001
     2510 FFFF 0001
     2510 3001 0001
     2510 3010 0001
     2510 3006 0001
     2510 3020 0001
     2510 3008 0001
     2510 B031 0001
     2510 A824 0001
     2510 003C 0001
     2510 001F 0001
     2510 B2F9 0001
     2510 006F 0001
     2510 0078 0001
     2510 005C 0001
     2510 106F 0001
     2510 C013 0001
     2510 006E 0001
     2510 0079 0001
     2510 007B 0001
     2510 C806 0001
     2510 106E 0001
     2510 0017 0001
     2510 0013 0001
     2510 004B 0001
     2510 0002 0001
     2510 90F2 0001
     2510 90FF 0001
     2510 D034 0001
     2510 1032 0001
     2510 0000 0001
     2510 0033 0001
     2510 00D1 0001
     2510 092E 0001
     2510 1333 0001
     2510 123D 0001
     2510 045B 0001
     2510 11BB 0001
     2510 133A 0001
     2510 1013 0001
     2510 1017 0001
     2510 1015 0001
     2510 1099 0001
     2510 14DB 0001
     2510 00DD 0001
     2510 3088 0001
     2510 3084 0001
     2510 2003 0001
     2510 11F9 0001
     2510 02DA 0001
     2510 D80C 0001
     2510 2006 0001
     2510 017A 0001
     2510 01F0 0001
     2510 14F0 0001
     2510 008B 0001
     2510 10F8 0001
     2510 118B 0001
     2510 00ED 0001
     2510 00E4 0001
     2510 0072 0001
     2510 203B 0001
     2510 8828 0001
     2510 2003 0001
     2510 1064 0001
     2510 0063 0001
     2510 1072 0001
     2510 003E 0001
     2510 C00A 0001
     2510 05CD 0001
     2510 006E 0001
     2510 100E 0001
     2510 0019 0001
     2510 0015 0001
     2510 16EE 0001
     2510 0071 0001
     2510 10BE 0001
     2510 1063 0001
     2510 1671 0001
     2510 1095 0001
     2510 1019 0001
     2510 3088 0001
     2510 3084 0001
     2510 2003 0001
     2510 018B 0001
     2510 110B 0001
     2510 117B 0001
     2510 00E4 0001
     2510 0072 0001
     2510 20C4 0001
     2510 1064 0001
     2510 107A 0001
     2510 1072 0001
     2510 3041 0001
     2510 D800 0001
     2510 881A 0001
     2510 100C 0001
     2510 000E 0001
     2510 100D 0001
     2510 3081 0001
     2510 10CB 0001
     2510 1052 0001
     2510 0038 0001
     2510 C200 0001
     2510 CA00 0001
     2510 D230 0001
     2510 8200 0001
     2510 11AE 0001
     2510 B041 0001
     2510 D000 0001
     2510 106D 0001
     2510 101F 0001
     2510 100E 0001
     2510 100A 0001
     2510 3042 0001
     2510 3086 0001
     2510 102F 0001
     2510 3090 0001
     2510 9010 0001
     2510 B000 0001
     2510 30A0 0001
     2510 1016 0001
     2510 7FFF 0001
     2510 7FFF 0001
     2510 7FFF 0001
     2510 7FFF 0001
     2510 7FFF 0001
     2510 7FFF 0001
     2510 7FFF 0001
     2510 7FFF 0001
     2510 7FFF 0001
     2510 7FFF 0001
     2510 7FFF 0001
     2510 7FFF 0001
     2510 7FFF 0001
     2510 7FFF 0001
     2510 7FFF 0001
     3508 AA80 0001
     350A C5C0 0001
     350C C8C4 0001
     350E 8C8C 0001
     3510 8C88 0001
     3512 8C8C 0001
     3514 A0A0 0001
     3518 0040 0001
     351A 8600 0001
     351E 0E40 0001
     3506 004A 0001
     3520 0E19 0001
     3522 7F7F 0001
     3524 7F7F 0001
     3526 7F7F 0001
     3528 7F7F 0001
     30FE 00A8 0001
     3584 0000 0001
     3540 8308 0001
     354C 0031 0001
     354E 535C 0001
     3550 5C7F 0001
     3552 0011 0001
     3370 0111 0001
     337A 0F50 0001
     337E FFF8 0001
     3110 0011 0001
     3100 4000 0001
     3364 0173 0001
     3180 0021 0001
     3E4C 0404 0001
     3E52 0060 0001
     3180 0021 0001
     37A0 0001 0001
     37A4 0000 0001
     37A8 0000 0001
     37AC 0000 0001
     3372 F50F 0001
     302A 0003 0001
     302C 0701 0001
     302E 0009 0001
     3030 0087 0001
     3036 0006 0001
     3038 0001 0001
     303A 0085 0001
     303C 0003 0001
     31B0 0047 0001
     31B2 0026 0001
     31B4 5187 0001
     31B6 5248 0001
     31B8 70CA 0001
     31BA 028A 0001
     31BC 8A88 0001
     31BE 0023 0001
     3004 0000 0001
     3002 0000 0001
     3008 0EFF 0001
     3006 086F 0001
     32FC 0000 0001
     37E0 8421 0001
     37E2 8421 0001
     323C 8421 0001
     323E 8421 0001
     3040 0001 0001
     301D 0000 0001
     3082 0008 0001
     30BA 1112 0001
     3012 0065 0001
     3212 0009 0001
     3216 0001 0001
     3238 0444 0001
     3C06 1C88 0001
     3C08 0100 0001
     31D0 0001 0001
     3362 00FF 0001
     3366 0000 0001
     336A 0000 0001
     32F6 0001 0001
     300C 05C8 0001
     300A 08F8 0001
     33C0 2000 0001
     33C2 4000 0001
     33C4 6000 0001
     33C6 8000 0001
     33C8 A000 0001
     33CA C000 0001
     33CC E000 0001
     33CE F000 0001
     33D0 F400 0001
     33D2 F800 0001
     33D4 FC00 0001
     33D6 FFC0 0001
     33D8 FFC0 0001
     33DA FFC0 0001
     33DC FFC0 0001
     33DE FFC0 0001
     37A0 0001 0001
     37A4 0001 0001
     37A8 0001 0001
     37AC 0000 0001
     3280 0FA0 0001
     3282 0FA0 0001
     3284 0FA0 0001
     3286 0FA0 0001
     3288 0FA0 0001
     328A 0FA0 0001
     328C 0FA0 0001
     328E 0FA0 0001
     3290 0FA0 0001
     3292 0FA0 0001
     3294 0FA0 0001
     3296 0FA0 0001
     3298 0FA0 0001
     329A 0FA0 0001
     329C 0FA0 0001
     329E 0FA0 0001
     3100 4000 0001
     3102 6064 0001
     3104 6064 0001
     3106 6064 0001
     3108 07D0 0001
     31AE 0204 0001
     31AC 140C 0001
     301A 0058 0100
     3064 0000 0001
     301A 0058 0100
     3064 0000 0001
     305A 0127 0001
     35A4 0127 0001
     35AC 0127 0001
     35B4 0127 0001
     3058 01EC 0001
     35A2 01EC 0001
     35AA 01EC 0001
     35B2 01EC 0001
